     0/299     1.23G   0.03696  0.005215  0.006846   0.04902         9       448    0.9197    0.7604    0.7629    0.5681   0.04615   0.00459  0.004728
     1/299     2.83G   0.04101  0.004264  0.007278   0.05255        15       448    0.9197    0.7604    0.7621    0.5508   0.04659  0.004593   0.00473
     2/299     3.46G   0.04029  0.004414  0.006232   0.05094        13       448    0.9198    0.7604    0.7626    0.5653   0.04606  0.004588  0.004724
     3/299     3.46G   0.03282  0.005177  0.005894   0.04389        16       448    0.9192    0.7604    0.7627    0.5615   0.04588  0.004589  0.004725
     4/299     3.46G   0.03395  0.004105  0.005964   0.04402         5       448    0.9196    0.7602    0.7626    0.5659   0.04575  0.004592  0.004714
     5/299     3.46G   0.03858  0.004396   0.00786   0.05083        11       448    0.9194    0.7604    0.7632    0.5559   0.04565  0.004595  0.004706
     6/299     3.48G     0.026  0.003904  0.003272   0.03317         5       448    0.9192    0.7602    0.7628    0.5469    0.0456  0.004586  0.004684
     7/299     3.48G   0.03214   0.00451  0.006217   0.04287         6       448    0.9173    0.7604    0.7622    0.5362   0.04585  0.004577  0.004679
     8/299     3.48G   0.03465   0.00444  0.007576   0.04666        11       448    0.9179    0.7602    0.7623    0.5444   0.04555  0.004592  0.004685
     9/299     3.48G   0.04016  0.004528   0.00744   0.05213         9       448    0.9177    0.7603    0.7615    0.5475    0.0454  0.004613  0.004698
    10/299     3.48G   0.03527  0.005438   0.00714   0.04785         8       448    0.9165    0.7604    0.7611    0.5378   0.04547  0.004599  0.004708
    11/299     3.48G   0.03303  0.004943  0.006975   0.04495         9       448    0.9159    0.7603    0.7611    0.5379   0.04572  0.004592  0.004712
    12/299     3.48G   0.03123  0.005203  0.005522   0.04196        13       448    0.9165    0.7604     0.761    0.5526   0.04541  0.004557  0.004686
    13/299     3.48G   0.04005  0.004852  0.007797    0.0527        17       448    0.9633      0.76    0.7657    0.5571   0.04592  0.004537  0.004676
    14/299     3.48G   0.03424  0.004987  0.007637   0.04686        10       448    0.9628    0.7604    0.7657    0.5441   0.04541  0.004542  0.004675
    15/299     3.48G   0.04198  0.004514  0.006863   0.05336        12       448    0.9636    0.7604     0.766    0.5406   0.04595  0.004538  0.004676
    16/299     3.48G   0.03813  0.005488  0.007189   0.05081        14       448    0.9624    0.7604     0.765    0.5444   0.04525  0.004546   0.00465
    17/299     3.48G   0.03503  0.004998  0.005469    0.0455        11       448    0.9615    0.7604    0.7649    0.5565   0.04494  0.004569   0.00463
    18/299     3.48G   0.03894  0.005378  0.008403   0.05272        13       448    0.9617    0.7604    0.7647    0.5417   0.04576  0.004566  0.004608
    19/299     3.48G   0.03235  0.003878  0.005999   0.04222         4       448    0.9603    0.7602    0.7647    0.5551   0.04469  0.004595  0.004601
    20/299     3.48G   0.03066  0.005224  0.005271   0.04115         7       448    0.9627    0.7187    0.7567    0.5499   0.04457  0.004601  0.004583
    21/299     3.48G   0.03204  0.004826  0.005854   0.04272        11       448    0.9623    0.7187    0.7567    0.5534   0.04437  0.004589  0.004592
    22/299     3.48G   0.04043  0.005476   0.00643   0.05233        14       448    0.9628    0.7187    0.7566    0.5347   0.04519  0.004551  0.004582
    23/299     3.48G   0.03965  0.005234  0.006489   0.05137        12       448    0.9631    0.7187    0.7564    0.5567   0.04519  0.004527  0.004577
    24/299     3.48G   0.03677  0.004916  0.005694   0.04738        14       448    0.9639    0.7187    0.7513      0.55   0.04466  0.004555  0.004556
    25/299     3.48G   0.03773   0.00523   0.00726   0.05022        14       448    0.9641    0.7187    0.7265    0.5246   0.04502  0.004554  0.004564
    26/299     3.48G   0.03294  0.004261  0.004198    0.0414         4       448    0.9649    0.7187    0.7378    0.5037   0.04661  0.004523  0.004535
    27/299     3.48G   0.03524  0.004782  0.006957   0.04698        14       448    0.9658    0.7187    0.7513    0.5462   0.04526  0.004561  0.004501
    28/299     3.48G   0.03609  0.005292  0.007347   0.04873         7       448    0.9672    0.7188    0.7605    0.5254   0.04469  0.004574  0.004521
    29/299     3.48G   0.03394  0.005011  0.006567   0.04551        11       448    0.9655    0.7188    0.7566    0.5443   0.04466  0.004574  0.004563
    30/299     3.48G   0.03614  0.004754  0.007838   0.04874        13       448    0.9655    0.7188    0.7383    0.5387   0.04485  0.004553  0.004597
    31/299     3.48G    0.0306  0.004578   0.00572    0.0409        14       448    0.9653    0.7187    0.7404    0.5433   0.04561  0.004491  0.004594
    32/299     3.48G    0.0418  0.004456  0.006803   0.05306         7       448    0.9634    0.7187    0.7432    0.5476   0.04492  0.004536  0.004623
    33/299     3.48G   0.03493  0.005447  0.006528   0.04691        18       448    0.9617    0.7187    0.7302    0.5192   0.04517  0.004548  0.004621
    34/299     3.48G   0.03179  0.004651  0.005752   0.04219        21       448    0.9613    0.7187    0.7415    0.5096   0.04822  0.004465  0.004609
    35/299     3.48G   0.02852  0.004547  0.005301   0.03837        16       448         1    0.7155    0.7326    0.4874   0.04655   0.00463    0.0046
    36/299     3.48G   0.03062  0.004418  0.005016   0.04006        13       448    0.9485     0.677    0.7182    0.5054   0.04612  0.004669  0.004567
    37/299     3.48G    0.0304  0.004312  0.006158   0.04087        15       448         1    0.7152    0.7595    0.5625   0.04497  0.004663  0.004547
    38/299     3.48G   0.03525  0.004579  0.006651   0.04648         9       448    0.9998     0.713    0.7642    0.5551   0.04494  0.004644  0.004539
    39/299     3.48G   0.03524  0.004367  0.006703   0.04631        17       448    0.9595    0.7601    0.7662    0.5751    0.0449  0.004541  0.004577
    40/299     3.48G   0.03525  0.004338  0.006008    0.0456        12       448    0.9589      0.76    0.7652    0.5618   0.04473  0.004469  0.004567
    41/299     3.48G   0.03237  0.004633  0.006304   0.04331        12       448    0.9661    0.7187    0.7573    0.5486    0.0461  0.004449   0.00455
    42/299     3.48G   0.03411  0.005735  0.005845   0.04569        17       448    0.9698    0.7187    0.7582    0.4944   0.04501  0.004486  0.004565
    43/299     3.48G   0.03651  0.005772  0.004407   0.04669        20       448    0.9146    0.7594    0.7616    0.5635   0.04484   0.00443  0.004577
    44/299     3.48G   0.03728  0.004911  0.006666   0.04886        13       448     0.913    0.7604    0.7632    0.4998   0.04617  0.004493  0.004598
    45/299     3.48G   0.03006  0.004861  0.005508   0.04043        13       448    0.9687    0.7187    0.7205    0.4937   0.04603  0.004414  0.004628
    46/299     3.48G   0.03581  0.005016   0.00623   0.04706         6       448    0.9685    0.7187    0.7548    0.5256   0.04549  0.004431  0.004685
    47/299     3.48G   0.03359  0.004591  0.006043   0.04423         9       448    0.9686    0.7187    0.7531    0.4696   0.04635  0.004406  0.004721
    48/299     3.48G   0.03594  0.005736  0.006458   0.04814        16       448    0.9704    0.7187    0.7537    0.5386   0.04418  0.004464  0.004726
    49/299     3.48G   0.03865  0.005312  0.006612   0.05057        13       448    0.9682    0.7187    0.7333    0.4775   0.04667  0.004452  0.004743
    50/299     3.48G   0.04247  0.004224  0.006883   0.05358        11       448    0.9681    0.7187    0.7304    0.4524   0.04721  0.004484  0.004766
    51/299     3.48G    0.0389  0.004256  0.006533   0.04969        17       448     0.962    0.7187    0.7266    0.5068    0.0453  0.004502  0.004766
    52/299     3.48G   0.03429  0.005266  0.006779   0.04634        11       448     0.963    0.7187    0.7244    0.3902    0.0522  0.004461  0.004717
    53/299     3.48G   0.03185  0.004446   0.00504   0.04133        11       448    0.9651    0.7187     0.727    0.3907   0.05221  0.004464  0.004685
    54/299     3.48G   0.03918  0.005272  0.006123   0.05058        13       448    0.9651    0.7187    0.7403     0.512   0.04587   0.00451   0.00469
    55/299     3.48G   0.03705    0.0038  0.004812   0.04566         9       448    0.9719    0.7188    0.7666    0.5297   0.04537  0.004525  0.004713
    56/299     3.48G   0.03822  0.004847  0.008575   0.05164        14       448    0.9769    0.7187    0.7402     0.512   0.04612   0.00453  0.004783
    57/299     3.48G   0.03418  0.005403  0.006509   0.04609        19       448    0.9806    0.7187    0.7398     0.477   0.04719  0.004548   0.00477
    58/299     3.48G   0.03781  0.005264  0.006798   0.04987        15       448    0.9824    0.7188    0.7294    0.4968   0.04805  0.004547  0.004744
    59/299     3.48G   0.03387  0.004875  0.004199   0.04294        18       448    0.9805    0.7187     0.732    0.4787   0.04846    0.0045  0.004735
    60/299     3.48G   0.03543  0.004594  0.006294   0.04632        10       448    0.9584    0.7597    0.7714    0.5072   0.04851  0.004527  0.004728
    61/299     3.48G   0.03368  0.004798  0.004691   0.04316         9       448    0.9765    0.7187    0.7284     0.504   0.04635  0.004548  0.004726
    62/299     3.48G   0.03321  0.005254  0.005922   0.04439        12       448    0.9719    0.7187    0.7283    0.5122   0.04711  0.004535  0.004735
    63/299     3.48G   0.03538  0.004492  0.007487   0.04736        19       448    0.9707    0.7187     0.765    0.5092   0.04833  0.004423  0.004778
    64/299     3.48G   0.04705  0.004614  0.007573   0.05924         9       448    0.9693    0.7187    0.7322    0.4562   0.04624  0.004538  0.004758
    65/299     3.48G   0.03789   0.00454  0.006716   0.04915        12       448    0.9661    0.7187     0.733    0.4835   0.04453  0.004565  0.004787
    66/299     3.48G   0.03019  0.004639  0.004139   0.03896         9       448     0.962    0.7187    0.7369    0.4986   0.04656  0.004508  0.004851
    67/299     3.48G   0.03739  0.004762  0.006647    0.0488        12       448    0.9584    0.7177    0.7373    0.4487   0.04752  0.004627  0.004955
    68/299     3.48G    0.0398  0.004661  0.007092   0.05155        14       448     0.996    0.6771    0.7284    0.4862   0.04602  0.004657  0.005034
    69/299     3.48G   0.03724  0.004775  0.005493   0.04751         8       448    0.9936    0.6771    0.7195    0.4831   0.04597  0.004717  0.005132
    70/299     3.48G   0.03646  0.004992  0.008294   0.04974         7       448    0.9584    0.7037     0.747    0.4689   0.04692  0.004723  0.005203
    71/299     3.48G   0.03446  0.004737   0.00533   0.04453        11       448    0.9815     0.677    0.7444    0.4825   0.04433  0.004803  0.005287
    72/299     3.48G    0.0346  0.006173  0.006292   0.04706        20       448    0.9701     0.677    0.7269    0.4982   0.04328   0.00482  0.005365
    73/299     3.48G   0.03655  0.005069  0.006146   0.04776         8       448    0.9232    0.6633    0.7094    0.5132   0.04192  0.004875  0.005998
    74/299     3.48G   0.03976  0.004735  0.007342   0.05184         6       448    0.9832    0.6771    0.7394     0.561   0.04231   0.00467  0.005309
    75/299     3.48G   0.03774  0.004363  0.006726   0.04883         9       448    0.9584    0.7135     0.732    0.4542   0.04963  0.004514  0.005229
    76/299     3.48G   0.03834  0.004472  0.005213   0.04802        12       448    0.9905    0.6771    0.7285    0.5303   0.04317  0.004703  0.005092
    77/299     3.48G   0.04092  0.005532  0.006346    0.0528        10       448    0.9584    0.7161    0.7332    0.4752   0.04494  0.004673  0.005022
    78/299     3.48G   0.03497     0.005  0.005483   0.04545        11       448    0.9661    0.7187    0.7337    0.4561    0.0457  0.004634  0.004953
    79/299     3.48G   0.03454  0.004424  0.005095   0.04406        21       448    0.9689    0.7187    0.7337    0.4741   0.04476  0.004637   0.00491
    80/299     3.48G    0.0322  0.004128  0.004544   0.04087        10       448     0.949    0.7188    0.7337    0.4372   0.04561   0.00482  0.004857
    81/299     3.48G   0.03515  0.005014  0.005616   0.04578        13       448    0.9787    0.7187    0.7353    0.4438   0.04551  0.004689  0.004845
    82/299     3.48G   0.03766  0.005622  0.004874   0.04816         7       448    0.9935    0.7087    0.7362    0.4334   0.04581   0.00477  0.004884
    83/299     3.48G   0.03071  0.004665  0.004256   0.03963         8       448    0.9694    0.7188    0.7316    0.4988   0.04243  0.004823  0.004917
    84/299     3.48G   0.03714  0.005093  0.006374    0.0486         9       448    0.9674    0.7187    0.7357    0.5188   0.04287  0.004784  0.004973
    85/299     3.48G   0.03226  0.005477  0.005663    0.0434         6       448     0.966    0.7187    0.7729    0.5344   0.04304  0.004795  0.005034
    86/299     3.48G   0.03545  0.006311   0.00612   0.04788        18       448     0.966    0.7187    0.7729    0.5344   0.04304  0.004795  0.005034
    87/299     3.48G   0.03622  0.005106  0.005564   0.04689         6       448    0.9646    0.7187    0.7608     0.541   0.04396  0.004756  0.005086
    88/299     3.48G   0.03472  0.004942  0.005858   0.04552         9       448    0.9625    0.7187    0.7647    0.5359   0.04443  0.004745  0.005197
    89/299     3.48G   0.03826   0.00488  0.005367   0.04851        10       448    0.9583    0.7183    0.7646    0.5257   0.04459  0.004726  0.005345
    90/299     3.48G   0.03255  0.003818  0.004715   0.04108         6       448    0.9584     0.717    0.7519    0.5268   0.04486  0.004723  0.005452
    91/299     3.48G    0.0323  0.004026    0.0067   0.04303         8       448    0.9584     0.709    0.7622    0.5413   0.04414   0.00474  0.005707
    92/299     3.48G   0.03259  0.004092  0.005133   0.04182         6       448      0.91    0.7187    0.7689    0.5461    0.0435   0.00476  0.005926
    93/299     3.48G   0.03207  0.005107  0.005216   0.04239         8       448    0.9123    0.7188    0.7724    0.5353   0.04386  0.004778    0.0059
    94/299     3.48G   0.03893  0.003764  0.005468   0.04816         5       448    0.9072    0.7188    0.7744      0.52   0.04439  0.004806  0.006188
    95/299     3.48G   0.04123  0.005509  0.006329   0.05307         7       448    0.8969    0.7187    0.7744    0.4987     0.045  0.004828  0.006477
    96/299     3.48G   0.03617  0.005224  0.005416    0.0468        18       448    0.9011    0.7188     0.781    0.5015   0.04512  0.004808  0.006324
    97/299     3.48G   0.03989  0.004567  0.006444    0.0509         9       448    0.9579    0.7056    0.7985    0.5257   0.04376  0.004844  0.005116
    98/299     3.48G   0.03068  0.004047  0.004398   0.03913        10       448    0.9458    0.7162    0.7837    0.4288   0.04647  0.004757  0.004862
    99/299     3.48G   0.04127  0.003821    0.0052   0.05029        11       448    0.9458    0.7162    0.7837    0.4288   0.04647  0.004757  0.004862
   100/299     3.48G   0.04035  0.003924  0.004338   0.04861        14       448    0.9416    0.7187     0.792    0.3467   0.04971  0.004647  0.004827
   101/299     3.48G   0.04495   0.00389  0.005986   0.05482         8       448    0.9438    0.7186    0.8194    0.3466   0.05016  0.004634  0.004768
   102/299     3.48G   0.03919  0.003802  0.004218   0.04721        11       448    0.9486    0.7187    0.8099    0.3939   0.04883  0.004615  0.004701
   103/299     3.48G   0.04182  0.004088  0.006071   0.05198        14       448    0.9572    0.7187    0.7947    0.4405   0.04704  0.004653  0.004685
   104/299     3.48G   0.03425   0.00455  0.003712   0.04251         7       448    0.9636    0.7187    0.7949    0.4849   0.04456  0.004632  0.004716
   105/299     3.48G    0.0337  0.004071  0.005529    0.0433         4       448     0.979    0.7187    0.7604     0.492   0.04461  0.004568  0.004879
   106/299     3.48G   0.04013  0.004767  0.006451   0.05135        12       448    0.9898    0.7187    0.7514    0.4791   0.04621  0.004537  0.004929
   107/299     3.48G   0.03931  0.004936  0.005223   0.04947         9       448      0.97     0.717    0.7452    0.4611   0.04525  0.004625  0.005035
   108/299     3.48G   0.04573  0.004729  0.005827   0.05628        16       448    0.9583    0.7132    0.7546    0.4296   0.05092  0.004613  0.005306
   109/299     3.48G    0.0353  0.004499  0.004756   0.04455        13       448    0.9583    0.7132    0.7546    0.4296   0.05092  0.004613  0.005306
   110/299     3.48G   0.03933  0.003982  0.005364   0.04868        11       448    0.9448    0.6354    0.7316    0.3564   0.05534  0.004587  0.006229
   111/299     3.48G   0.03401  0.003968  0.005368   0.04334        12       448    0.7708    0.5938    0.6864    0.3618   0.05615  0.004497  0.006682
   112/299     3.48G   0.03908  0.005155  0.005774   0.05001        14       448    0.9375    0.5104    0.6642    0.4388    0.0546  0.004448  0.007045
   113/299     3.48G   0.04083  0.004958  0.006003    0.0518        11       448    0.9231    0.5474    0.7092    0.4368   0.05236  0.004602  0.006877
   114/299     3.48G    0.0393  0.005463  0.004672   0.04944        10       448    0.9585    0.6741    0.7263    0.4326   0.04976   0.00477  0.005272
   115/299     3.48G   0.04654  0.004085  0.006793   0.05742         9       448    0.9585    0.6741    0.7263    0.4326   0.04976   0.00477  0.005272
   116/299     3.48G   0.04642  0.004118  0.005503   0.05604        14       448    0.9715     0.677    0.7268     0.356   0.05284  0.004787  0.005072
   117/299     3.48G   0.03863  0.005346  0.004565   0.04854         7       448    0.9826     0.677    0.7448    0.3778   0.05185  0.004795  0.004915
   118/299     3.48G   0.03761  0.005131  0.004359    0.0471        11       448    0.9199    0.7188    0.7879     0.464   0.04901  0.004726  0.004758
   119/299     3.48G   0.04166  0.005231  0.004902   0.05179        12       448    0.9662    0.7604    0.8052    0.4975   0.04833  0.004764  0.004891
   120/299     3.48G   0.04094    0.0051  0.006554    0.0526        14       448    0.9662    0.7604    0.8052    0.4975   0.04833  0.004764  0.004891
   121/299     3.48G   0.04347   0.00477  0.007181   0.05543         9       448    0.9754    0.7604    0.7841    0.4554   0.04871  0.004767  0.004998
   122/299     3.48G   0.03501  0.003704  0.003088    0.0418         8       448    0.9998    0.7564    0.7843    0.4605   0.04824  0.004776  0.004983
   123/299     3.48G   0.03849  0.004565   0.00554   0.04859         7       448    0.9498    0.7085    0.7714    0.4708   0.04708  0.004838  0.004812
   124/299     3.48G    0.0339  0.004462    0.0057   0.04406        15       448    0.9482    0.7188    0.7783    0.5169   0.04353  0.004936   0.00459
   125/299     3.48G   0.03616   0.00475  0.004969   0.04588        12       448    0.9407    0.7188    0.7727    0.4824   0.04395  0.004943  0.004645
   126/299     3.48G   0.04241  0.004803   0.00465   0.05186         6       448    0.9407    0.7188    0.7727    0.4824   0.04395  0.004943  0.004645
   127/299     3.48G    0.0366  0.003726  0.003263   0.04358         7       448    0.9319    0.7188    0.7773    0.4245   0.04449  0.004961  0.004865
   128/299     3.48G   0.04183  0.004917   0.00453   0.05128        14       448     0.994    0.6354    0.7542    0.4754   0.04292  0.004919  0.005614
   129/299     3.48G   0.03572  0.004338  0.003308   0.04337         8       448    0.9153    0.7188    0.8032    0.4115   0.04527  0.004828  0.006163
   130/299     3.48G   0.03762  0.004247  0.004391   0.04625         4       448     0.983    0.6771    0.7423    0.4752   0.04233  0.004838  0.004599
   131/299     3.48G   0.03749  0.004829  0.003987   0.04631        19       448     0.983    0.6771    0.7423    0.4752   0.04233  0.004838  0.004599
   132/299     3.48G   0.03976  0.004542  0.003529   0.04783        15       448    0.9881    0.6771    0.7351    0.4425   0.04293  0.004786  0.004607
   133/299     3.48G    0.0444  0.003989  0.004456   0.05285        11       448    0.9915     0.677     0.735    0.4689   0.04289   0.00472  0.004646
   134/299     3.48G   0.03695   0.00463  0.005138   0.04672        19       448    0.9913     0.677    0.7713    0.5153   0.04196   0.00474  0.004748
   135/299     3.48G   0.03251  0.004235  0.004353   0.04109        11       448    0.9909    0.6771    0.8044    0.5386   0.04077  0.004794  0.004658
   136/299     3.48G   0.03462   0.00413  0.003593   0.04235         5       448    0.9999    0.6824    0.8143    0.4946   0.04317  0.004746  0.004667
   137/299     3.48G    0.0368  0.004803  0.003454   0.04505        11       448    0.9999    0.6824    0.8143    0.4946   0.04317  0.004746  0.004667
   138/299     3.48G   0.04114  0.004126  0.005336    0.0506        11       448         1    0.6829    0.7944    0.4749   0.04387  0.004725  0.004726
   139/299     3.48G   0.03938  0.004449   0.00437    0.0482        12       448         1    0.6848    0.7874    0.5343   0.04295  0.004718   0.00476
   140/299     3.48G   0.03433    0.0043  0.003148   0.04178        11       448         1    0.6853    0.8084    0.5665   0.04114  0.004746  0.004742
   141/299     3.48G   0.03134  0.004604  0.003112   0.03906        20       448    0.9999    0.6834    0.8193    0.5782   0.04058   0.00475  0.004747
   142/299     3.48G   0.02983  0.003776  0.003818   0.03743        20       448    0.9999    0.6834    0.8193    0.5782   0.04058   0.00475  0.004747
   143/299     3.48G   0.03745  0.003988  0.005372   0.04681        13       448    0.9999    0.6831    0.8286    0.5944   0.04103  0.004729  0.004755
   144/299     3.48G   0.03774  0.004455  0.004553   0.04675        13       448         1    0.6823     0.828    0.5861   0.04117  0.004763  0.004702
   145/299     3.48G   0.03889  0.004084  0.005716   0.04869        12       448    0.9884    0.6771    0.8143    0.5791   0.04183  0.004682  0.004698
   146/299     3.48G   0.03225  0.004313  0.004813   0.04137         7       448    0.9798    0.6771     0.805    0.5528   0.04117  0.004681  0.004819
   147/299     3.48G   0.03363  0.004538  0.004948   0.04312         9       448     0.987    0.6771    0.7894    0.5374    0.0413  0.004691  0.004603
   148/299     3.48G   0.03499  0.004169  0.005086   0.04424         9       448     0.987    0.6771    0.7894    0.5374    0.0413  0.004691  0.004603
   149/299     3.48G   0.03429   0.00412  0.004616   0.04302        12       448    0.9884    0.6771    0.7807    0.5017   0.04298  0.004648  0.004565
   150/299     3.48G   0.03279  0.004527   0.00387   0.04119        14       448    0.9888     0.677    0.7837     0.531   0.04313  0.004567  0.004566
   151/299     3.48G    0.0377  0.004653  0.004629   0.04698        17       448     0.986    0.6771    0.7862    0.5452   0.04221  0.004544  0.004605
   152/299     3.48G   0.03472  0.003924  0.004887   0.04353         6       448    0.9855     0.677    0.8283    0.5186   0.04316  0.004582  0.004584
   153/299     3.48G   0.04073  0.004033  0.004298   0.04906        12       448    0.9855     0.677    0.8283    0.5186   0.04316  0.004582  0.004584
   154/299     3.48G   0.03322  0.003546  0.002985   0.03975        17       448    0.9846    0.6771    0.8437    0.5059   0.04325  0.004587  0.004567
   155/299     3.48G    0.0319  0.004312  0.003054   0.03927        19       448    0.9817    0.6771    0.8427    0.5159   0.04218  0.004583   0.00454
   156/299     3.48G   0.03267  0.003963  0.002686   0.03932        12       448    0.9823    0.6771    0.8433    0.5323   0.04193   0.00455    0.0045
   157/299     3.48G   0.03332  0.004223  0.004481   0.04202        13       448    0.9613    0.7187    0.8551    0.5556   0.04069  0.004478  0.004461
   158/299     3.48G    0.0269  0.002983  0.003267   0.03315         6       448    0.9627    0.7601    0.8708    0.5827   0.04102  0.004482  0.004468
   159/299     3.48G   0.03331  0.004874  0.003847   0.04204        27       448    0.9627    0.7601    0.8708    0.5827   0.04102  0.004482  0.004468
   160/299     3.48G   0.03291  0.003943  0.002947    0.0398        12       448    0.9603    0.7604    0.8595    0.5871   0.04184  0.004446  0.004501
   161/299     3.48G   0.03697  0.004296  0.004354   0.04562         9       448    0.9655    0.7604    0.8803    0.5739   0.04264  0.004373   0.00451
   162/299     3.48G   0.02641  0.003784  0.002722   0.03292         3       448    0.9668    0.7604    0.8883    0.5568   0.04325  0.004345   0.00453
   163/299     3.48G   0.03236  0.003668  0.003202   0.03923         7       448    0.9609    0.8019    0.8953    0.5522   0.04291  0.004444  0.004559
   164/299     3.48G   0.03561  0.003565  0.003961   0.04314         6       448    0.9609    0.8019    0.8953    0.5522   0.04291  0.004444  0.004559
   165/299     3.48G   0.03358  0.003849   0.00274   0.04017         7       448    0.9182    0.8021    0.8916    0.5274   0.04388  0.004444  0.004584
   166/299     3.48G   0.03217  0.003835  0.003697    0.0397        13       448    0.9598     0.802    0.8905    0.5086   0.04462  0.004424  0.004621
   167/299     3.48G   0.02968  0.003463  0.003404   0.03655         8       448    0.9596    0.8019    0.8883    0.5549    0.0439  0.004413  0.004658
   168/299     3.48G   0.03477  0.004336  0.003162   0.04227        11       448    0.9605     0.831    0.8842    0.5566   0.04337  0.004406  0.004713
   169/299     3.48G   0.03457  0.003526  0.005314   0.04341        15       448         1    0.8327    0.8875    0.5512    0.0443  0.004435  0.004689
   170/299     3.48G   0.03055  0.003997  0.003058    0.0376        21       448         1    0.8327    0.8875    0.5512    0.0443  0.004435  0.004689
   171/299     3.48G   0.03315  0.003931  0.003764   0.04084        15       448    0.8894     0.833    0.8826    0.5288   0.04567  0.004417  0.004666
   172/299     3.48G   0.03064  0.003986  0.002922   0.03755         9       448    0.9133    0.8098    0.8746    0.5565   0.04385  0.004423  0.004675
   173/299     3.48G   0.02986  0.003748  0.003476   0.03709         7       448    0.9616    0.7603    0.8697    0.5787   0.04118  0.004482  0.004699
   174/299     3.48G   0.02908  0.004075  0.002363   0.03552        12       448    0.9428    0.8018     0.881    0.5382   0.04183  0.004494  0.004727
   175/299     3.48G    0.0283  0.003639  0.003509   0.03545         6       448    0.9428    0.8018     0.881    0.5382   0.04183  0.004494  0.004727
   176/299     3.48G   0.03864  0.004071  0.004792    0.0475        10       448    0.9394    0.8021    0.8835    0.5351   0.04202  0.004532  0.004768
   177/299     3.48G   0.02835  0.003533  0.003906   0.03579        13       448    0.9375    0.8021    0.8914    0.5614   0.04188  0.004533   0.00471
   178/299     3.48G    0.0301  0.004081  0.004229   0.03841         5       448    0.9612    0.7878    0.9007    0.5737   0.04167  0.004541  0.004717
   179/299     3.48G   0.03429  0.004654   0.00436    0.0433         9       448    0.9598    0.8314    0.9082    0.5672   0.04091  0.004557  0.004698
   180/299     3.48G   0.02973   0.00362   0.00291   0.03626         7       448    0.8895    0.8516    0.8907    0.5448   0.04214  0.004549  0.004658
   181/299     3.48G   0.03099  0.004628  0.003979    0.0396         5       448    0.8895    0.8516    0.8907    0.5448   0.04214  0.004549  0.004658
   182/299     3.48G   0.03299  0.003724  0.003629   0.04035        13       448    0.8891    0.8511    0.8757    0.5258   0.04363  0.004543  0.004598
   183/299     3.48G    0.0295  0.003341  0.002557    0.0354         8       448    0.9285    0.8368    0.8836    0.5393   0.04271  0.004501  0.004527
   184/299     3.48G   0.03012  0.003944  0.003337    0.0374        11       448    0.9331    0.8638    0.9166    0.5656   0.04202  0.004445  0.004493
   185/299     3.48G   0.02508   0.00375  0.002443   0.03128        14       448    0.9344    0.8721    0.9483    0.5679   0.04213  0.004415  0.004388
   186/299     3.48G   0.03786  0.004068  0.004773    0.0467         9       448    0.9344    0.8721    0.9483    0.5679   0.04213  0.004415  0.004388
   187/299     3.48G   0.03152  0.004076  0.003299    0.0389        15       448    0.9643    0.8562    0.9524    0.5691   0.04282  0.004353  0.004315
   188/299     3.48G   0.03246  0.003962  0.003862   0.04029        12       448    0.8922    0.9579    0.9567    0.5856   0.04221    0.0043  0.004271
   189/299     3.48G   0.03181  0.003593  0.003719   0.03912         8       448    0.9156    0.9583    0.9596    0.6017   0.04188  0.004264  0.004267
   190/299     3.48G    0.0345  0.004684  0.004074   0.04326         7       448    0.9677    0.9163    0.9608    0.5961   0.04209  0.004233  0.004246
   191/299     3.48G   0.03463  0.004657  0.003328   0.04262        15       448    0.8989    0.8957    0.9578    0.5931   0.04259  0.004206  0.003971
   192/299     3.48G   0.02634  0.003767  0.001747   0.03186        16       448    0.8989    0.8957    0.9578    0.5931   0.04259  0.004206  0.003971
   193/299     3.48G   0.02594  0.003635  0.002855   0.03243        10       448    0.9299    0.8333    0.9497    0.5761   0.04319  0.004162  0.004054
   194/299     3.48G   0.03101    0.0034  0.002462   0.03687         4       448    0.9678    0.8021    0.9366    0.5872   0.04316  0.004164  0.004196
   195/299     3.48G   0.02849  0.003651  0.002497   0.03464        14       448    0.9698    0.8021    0.9383    0.6083   0.04255  0.004137  0.004152
   196/299     3.48G   0.03228  0.004358  0.002515   0.03915        11       448    0.9676    0.8019    0.9439    0.6155   0.04308    0.0041  0.004093
   197/299     3.48G   0.03163  0.004416  0.003211   0.03925        12       448    0.9676    0.8019    0.9439    0.6155   0.04308    0.0041  0.004093
   198/299     3.48G   0.03527  0.004636  0.003483   0.04339        15       448    0.9643    0.8019     0.939    0.6095   0.04392  0.004067  0.004055
   199/299     3.48G   0.03471  0.004354  0.003226   0.04229        23       448    0.9645    0.8019    0.9396    0.6035   0.04369  0.004027  0.004119
   200/299     3.48G    0.0282  0.003728  0.002465    0.0344        18       448    0.9595    0.8021    0.9412    0.5879   0.04385  0.003965  0.004082
   201/299     3.48G   0.03576  0.003948  0.005057   0.04476        18       448    0.9594    0.8122    0.9594    0.6093   0.04311  0.003943  0.003911
   202/299     3.48G   0.02227  0.003429  0.001642   0.02734         6       448    0.8355    0.9583    0.9705    0.6375   0.04318  0.003936  0.003813
   203/299     3.48G   0.02954  0.003499  0.002453   0.03549        13       448    0.8355    0.9583    0.9705    0.6375   0.04318  0.003936  0.003813
   204/299     3.48G   0.02676   0.00373  0.002929   0.03342        14       448    0.9357    0.9583     0.976    0.6449   0.04328  0.003928  0.003696
   205/299     3.48G   0.02738  0.003616  0.002557   0.03355        10       448    0.9478    0.9583    0.9778    0.6394   0.04414  0.003895  0.003577
   206/299     3.48G   0.02437  0.003253  0.001638   0.02926         5       448    0.9611    0.8958    0.9499    0.6097   0.04465  0.003886  0.003549
   207/299     3.48G   0.03117  0.003317  0.002322    0.0368         9       448    0.9574    0.9583    0.9798    0.6326   0.04418  0.003909  0.003559
   208/299     3.48G   0.02919  0.004548  0.002758    0.0365        11       448    0.9574    0.9583    0.9798    0.6326   0.04418  0.003909  0.003559
   209/299     3.48G   0.03296  0.004224  0.002075   0.03926        14       448    0.9583    0.9583    0.9798    0.6309   0.04433   0.00391  0.003569
   210/299     3.48G   0.02897  0.004058  0.002356   0.03539        11       448    0.9557    0.9583    0.9798    0.6334   0.04416  0.003916  0.003574
   211/299     3.48G   0.02936  0.004159  0.002246   0.03577        20       448    0.9537    0.9583    0.9798    0.6187   0.04452  0.003921  0.003573
   212/299     3.48G    0.0254  0.003743  0.001627   0.03077        10       448    0.9524    0.9583    0.9841    0.6386   0.04337   0.00394  0.003582
   213/299     3.48G   0.03062  0.003912  0.003237   0.03777         8       448     0.942    0.9583    0.9841    0.6411   0.04313  0.003919  0.003564
   214/299     3.48G   0.02836  0.003846  0.002847   0.03505         8       448     0.942    0.9583    0.9841    0.6411   0.04313  0.003919  0.003564
   215/299     3.48G   0.03427  0.004084   0.00224   0.04059         9       448    0.9348    0.9583    0.9841    0.6345   0.04336  0.003904  0.003547
   216/299     3.48G   0.03128   0.00328  0.002364   0.03693         8       448     0.905    0.9267    0.9618    0.6363   0.04389  0.003887  0.003524
   217/299     3.48G   0.02705  0.003606  0.002509   0.03316        17       448    0.9382    0.9271    0.9836    0.6361   0.04403  0.003882  0.003496
   218/299     3.48G   0.03239  0.004419  0.002599   0.03941        12       448    0.8805    0.9583    0.9762    0.6332   0.04413  0.003917  0.003473
   219/299     3.48G   0.02726  0.003745  0.002074   0.03308        12       448    0.8805    0.9583    0.9762    0.6332   0.04413  0.003917  0.003473
   220/299     3.48G   0.02411  0.003383  0.001522   0.02902         7       448    0.8819    0.9583    0.9739    0.6219   0.04493  0.003914  0.003451
   221/299     3.48G   0.03084  0.004431  0.001936   0.03721        16       448    0.8856    0.9581    0.9788    0.6062   0.04541  0.003937  0.003429
   222/299     3.48G   0.03145   0.00335  0.002649   0.03745        10       448    0.8876    0.9582    0.9763    0.6238   0.04484  0.003949  0.003438
   223/299     3.48G   0.02951  0.004023  0.002179   0.03572         6       448    0.8867     0.958    0.9751    0.6287   0.04408   0.00396  0.003436
   224/299     3.48G   0.02733  0.003609  0.002161    0.0331        12       448    0.9121    0.9271    0.9728    0.6252   0.04356  0.003948   0.00345
   225/299     3.48G   0.02901   0.00386  0.002694   0.03556        11       448    0.9121    0.9271    0.9728    0.6252   0.04356  0.003948   0.00345
   226/299     3.48G   0.02786  0.003707  0.002707   0.03428        11       448    0.9113    0.9271    0.9708    0.6278   0.04339  0.003947   0.00345
   227/299     3.48G   0.02717  0.003524   0.00196   0.03266         9       448    0.8908    0.9579    0.9768    0.6461   0.04287   0.00396  0.003443
   228/299     3.48G   0.03116    0.0032  0.001822   0.03618        12       448     0.987    0.8333    0.9676    0.6381   0.04254  0.003962  0.003592
   229/299     3.48G   0.02727  0.003433  0.002264   0.03296         6       448    0.9999    0.8297    0.9604     0.618   0.04238  0.003985   0.00363
   230/299     3.48G   0.03013  0.004501  0.002695   0.03732        14       448    0.9999    0.8297    0.9604     0.618   0.04238  0.003985   0.00363
   231/299     3.48G   0.02946  0.004598  0.002114   0.03618        16       448    0.9377    0.8645    0.9346    0.6104   0.04218  0.004021  0.003686
   232/299     3.48G    0.0242  0.004089  0.002089   0.03038        13       448    0.8986    0.8646    0.9292    0.6121   0.04185  0.004058  0.003759
   233/299     3.48G   0.02268   0.00379   0.00241   0.02888        28       448    0.9391    0.8646    0.9612    0.6325   0.04175   0.00403  0.003615
   234/299     3.48G   0.02898  0.003708  0.002232   0.03492         8       448    0.9927    0.8331    0.9717    0.6287    0.0419  0.004015  0.003503
   235/299     3.48G   0.02789  0.003629  0.002455   0.03398         8       448    0.9504    0.8645    0.9521    0.6367   0.04135  0.003979  0.003477
   236/299     3.48G   0.02843  0.004654  0.002235   0.03532        15       448    0.9504    0.8645    0.9521    0.6367   0.04135  0.003979  0.003477
   237/299     3.48G   0.02498  0.003405  0.001753   0.03014         6       448    0.9664    0.9196    0.9609    0.6482   0.04115  0.003972  0.003437
   238/299     3.48G   0.02644  0.003556  0.002254   0.03225         7       448    0.9665    0.9128    0.9606     0.647   0.04073  0.003979  0.003428
   239/299     3.48G   0.02255  0.003368  0.001135   0.02705        19       448    0.9666    0.9054    0.9593    0.6526   0.04056  0.003975  0.003423
   240/299     3.48G   0.02779  0.004146  0.003164    0.0351         9       448    0.9687    0.9529    0.9854    0.6794   0.04063   0.00392  0.003283
   241/299     3.48G   0.02521  0.003478  0.002728   0.03142         7       448    0.9687    0.9529    0.9854    0.6794   0.04063   0.00392  0.003283
   242/299     3.48G   0.02606  0.003958  0.001369   0.03138        12       448    0.9686    0.9513    0.9866    0.6882   0.04077  0.003891  0.003278
   243/299     3.48G   0.02396    0.0038  0.001548    0.0293        12       448    0.9316     0.958    0.9867    0.6839   0.04106  0.003878  0.003285
   244/299     3.48G    0.0338  0.003514  0.002983    0.0403         7       448    0.9237         1    0.9867    0.6891   0.04139   0.00385  0.003289
   245/299     3.48G   0.02311  0.003795  0.002836   0.02975        10       448    0.9706    0.9973    0.9898    0.6999   0.04171  0.003822  0.003286
   246/299     3.48G   0.03106  0.003425  0.001786   0.03627         7       448    0.9032         1    0.9867    0.6937   0.04211  0.003803   0.00329
   247/299     3.48G    0.0274   0.00404  0.002241   0.03368         5       448    0.9032         1    0.9867    0.6937   0.04211  0.003803   0.00329
   248/299     3.48G    0.0208  0.003642  0.001761    0.0262         8       448    0.9405    0.9618    0.9639    0.6596   0.04254    0.0038  0.003282
   249/299     3.48G   0.02585  0.003668  0.003167   0.03268         8       448     0.938    0.9622    0.9659    0.6571   0.04285  0.003785   0.00327
   250/299     3.48G   0.03028  0.003325  0.002485   0.03609         7       448    0.9124    0.9686    0.9588      0.67   0.04305  0.003788  0.003245
   251/299     3.48G   0.02135  0.004089  0.001338   0.02677        17       448    0.9125    0.9685    0.9587    0.6776    0.0427  0.003788  0.003247
   252/299     3.48G   0.02746  0.004489    0.0018   0.03375        13       448    0.9125    0.9685    0.9587    0.6776    0.0427  0.003788  0.003247
   253/299     3.48G   0.02591  0.003792  0.003019   0.03272         4       448    0.9409     0.959    0.9615    0.6804   0.04276  0.003782  0.003241
   254/299     3.48G   0.02974  0.003758  0.002748   0.03625        14       448    0.9157    0.9686    0.9596    0.6758   0.04267  0.003788  0.003236
   255/299     3.48G   0.02846  0.003981   0.00201   0.03446        17       448    0.9706    0.9988    0.9877    0.6735   0.04271  0.003812  0.003237
   256/299     3.48G   0.02969  0.004423   0.00412   0.03824        17       448    0.8778    0.9665    0.9553    0.6796   0.04225  0.003811  0.003243
   257/299     3.48G   0.02725  0.003939  0.001904   0.03309        10       448     0.935    0.8794    0.9527    0.6765   0.04252  0.003808  0.003241
   258/299     3.48G   0.03117  0.003917  0.004126   0.03921        15       448     0.935    0.8794    0.9527    0.6765   0.04252  0.003808  0.003241
   259/299     3.48G   0.02853  0.003504  0.003279   0.03532         8       448    0.8649    0.9688    0.9549    0.6611    0.0427  0.003809  0.003244
   260/299     3.48G   0.02479  0.003535 0.0008208   0.02915        10       448    0.8665    0.9688    0.9552    0.6634    0.0424  0.003812  0.003252
   261/299     3.48G    0.0268  0.004752  0.001785   0.03334        26       448    0.8696    0.9677    0.9553    0.6667   0.04209  0.003795  0.003246
   262/299     3.48G    0.0284  0.004851    0.0031   0.03635        14       448    0.8443    0.9686    0.9495    0.6721   0.04199    0.0038   0.00323
   263/299     3.48G   0.01916  0.003864  0.001669    0.0247         8       448    0.8443    0.9686    0.9495    0.6721   0.04199    0.0038   0.00323
   264/299     3.48G   0.03314   0.00327  0.002413   0.03882        11       448    0.9208    0.9271    0.9745    0.6688   0.04188  0.003804  0.003222
   265/299     3.48G   0.03091  0.003446  0.003181   0.03754         7       448     0.916    0.9271    0.9745    0.6717   0.04174  0.003805  0.003223
   266/299     3.48G   0.02873  0.003759  0.001529   0.03402         7       448    0.8975    0.9964     0.982    0.6948   0.04159  0.003803  0.003224
   267/299     3.48G   0.02705  0.003802  0.002482   0.03334         9       448      0.87    0.9941    0.9797    0.6933    0.0412  0.003818  0.003228
   268/299     3.48G   0.02784  0.003814  0.002634   0.03428        21       448    0.8965    0.9655     0.982    0.6978   0.04118  0.003844  0.003241
   269/299     3.48G   0.03094  0.004142   0.00253   0.03761        12       448    0.8965    0.9655     0.982    0.6978   0.04118  0.003844  0.003241
   270/299     3.48G   0.02378  0.003776  0.001415   0.02897        15       448    0.8968    0.9614    0.9823    0.6961   0.04113  0.003856  0.003248
   271/299     3.48G   0.02791  0.003759  0.001327     0.033        18       448    0.8967    0.9594    0.9785    0.6926   0.04117  0.003881  0.003268
   272/299     3.48G   0.02318  0.003048 0.0009578   0.02719         9       448    0.9651    0.8795    0.9757    0.6938    0.0409   0.00389   0.00327
   273/299     3.48G   0.02634  0.004737  0.001721    0.0328        15       448    0.9651    0.8782    0.9747    0.6939   0.04098  0.003906  0.003259
   274/299     3.48G   0.02534  0.004209  0.001444   0.03099        13       448    0.9651    0.8782    0.9747    0.6939   0.04098  0.003906  0.003259
   275/299     3.48G   0.02499  0.003072  0.002625   0.03068        10       448    0.9651    0.8781    0.9747    0.6884   0.04108  0.003917  0.003246
   276/299     3.48G   0.02712  0.003565  0.001806   0.03249         8       448    0.9654    0.8787    0.9723    0.6905   0.04109   0.00392  0.003255
   277/299     3.48G   0.02187  0.003938  0.001897   0.02771         5       448     0.965    0.8784    0.9681    0.6853    0.0411  0.003921  0.003256
   278/299     3.48G   0.02504   0.00366  0.001468   0.03016        14       448    0.9651      0.88    0.9715    0.6873   0.04109  0.003898  0.003232
   279/299     3.48G   0.02253  0.003687  0.001475   0.02769         6       448    0.9007    0.9518    0.9782    0.6945   0.04124  0.003877  0.003198
   280/299     3.48G   0.02537  0.004372  0.001192   0.03094        16       448    0.9007    0.9518    0.9782    0.6945   0.04124  0.003877  0.003198
   281/299     3.48G   0.02478  0.004037   0.00157   0.03039        10       448    0.9652    0.8787    0.9756    0.6833   0.04141   0.00387  0.003176
   282/299     3.48G   0.03068  0.002961  0.002438   0.03608        10       448    0.9655    0.8801    0.9794    0.6761   0.04146  0.003859  0.003181
   283/299     3.48G   0.02466  0.003546  0.001743   0.02995        10       448    0.9268    0.9242     0.977    0.6814   0.04147  0.003854  0.003186
   284/299     3.48G    0.0265  0.003462  0.002672   0.03264        15       448    0.9279    0.9362     0.975    0.6842   0.04176  0.003851   0.00322
   285/299     3.48G   0.02757  0.004003  0.001648   0.03323        14       448    0.9279    0.9362     0.975    0.6842   0.04176  0.003851   0.00322
   286/299     3.48G   0.02843  0.004068  0.001842   0.03433        14       448    0.9279    0.9355    0.9779     0.678   0.04197  0.003849  0.003208
   287/299     3.48G   0.03006  0.003615  0.002187   0.03586        17       448    0.9279    0.9347     0.976    0.6806   0.04221  0.003847  0.003203
   288/299     3.48G   0.02681  0.004163  0.001576   0.03255        13       448    0.9279    0.9334    0.9789    0.6792   0.04199  0.003847  0.003195
   289/299     3.48G   0.02413  0.003505  0.001379   0.02901        11       448    0.9006    0.9687    0.9779    0.6706    0.0417  0.003853  0.003193
   290/299     3.48G   0.02702   0.00412   0.00162   0.03276        13       448    0.9059    0.9685    0.9779    0.6699   0.04171   0.00385   0.00318
   291/299     3.48G     0.026  0.003692   0.00162   0.03131         6       448    0.9059    0.9685    0.9779    0.6699   0.04171   0.00385   0.00318
   292/299     3.48G    0.0235   0.00385  0.001523   0.02887        21       448     0.903    0.9684    0.9779    0.6548    0.0417  0.003854  0.003187
   293/299     3.48G   0.02879  0.003602  0.003257   0.03565        18       448    0.9032    0.9685    0.9779    0.6563   0.04172  0.003845  0.003195
   294/299     3.48G   0.02235  0.003952   0.00152   0.02782         6       448     0.902    0.9685    0.9779     0.657   0.04164  0.003835  0.003192
   295/299     3.48G   0.02877  0.003447  0.001967   0.03419        20       448    0.9075    0.9686    0.9779     0.656   0.04185  0.003806  0.003186
   296/299     3.48G   0.02511   0.00394  0.001766   0.03082        14       448    0.9075    0.9686    0.9779     0.656   0.04185  0.003806  0.003186
   297/299     3.48G   0.02566   0.00406  0.001711   0.03143        17       448    0.9096    0.9685    0.9779    0.6551   0.04195  0.003793  0.003178
   298/299     3.48G   0.02528  0.003166  0.002756    0.0312        11       448    0.9085    0.9686     0.979     0.656   0.04207  0.003789  0.003164
   299/299     3.48G   0.02632  0.003644  0.002534    0.0325        23       448    0.9105    0.9685    0.9801    0.6654   0.04176  0.003787  0.003162
